host.1,host.2,adjacent,contiguous,paths12,paths21,nodes1,nodes2,ancestry,min.distance.between.subgraphs
110,118,FALSE,FALSE,0,0,1,1,none,11.681930450000001
110,130,FALSE,FALSE,0,0,1,1,none,12.088567470000001
118,130,FALSE,FALSE,0,0,1,1,none,0.98347822
110,14,FALSE,FALSE,0,0,1,1,none,8.43704985
118,14,FALSE,FALSE,0,0,1,1,none,15.950226599999999
130,14,FALSE,FALSE,0,0,1,1,none,16.35686362
110,152,FALSE,FALSE,0,0,1,1,none,1.1075978499999999
118,152,FALSE,FALSE,0,1,1,1,desc,10.0376526
130,152,FALSE,FALSE,0,1,1,1,desc,10.444289619999997
14,152,FALSE,FALSE,0,1,1,1,desc,6.792771999999999
110,154,FALSE,FALSE,0,0,1,1,none,10.69082985
118,154,FALSE,FALSE,0,0,1,1,none,3.1786006
130,154,FALSE,FALSE,0,0,1,1,none,3.58523762
14,154,FALSE,FALSE,0,0,1,1,none,14.959125999999998
152,154,FALSE,FALSE,1,0,1,1,anc,9.046552
110,165,FALSE,FALSE,0,0,1,1,none,12.24531185
118,165,FALSE,FALSE,0,0,1,1,none,1.1402226
130,165,TRUE,TRUE,0,0,1,1,none,0.50033162
14,165,FALSE,FALSE,0,0,1,1,none,16.513607999999998
152,165,FALSE,FALSE,1,0,1,1,anc,10.601033999999999
154,165,FALSE,FALSE,0,0,1,1,none,3.741982
110,188,FALSE,FALSE,0,0,1,1,none,0.36700064
118,188,FALSE,FALSE,0,0,1,1,none,11.355244190000002
130,188,FALSE,FALSE,0,0,1,1,none,11.761881210000002
14,188,FALSE,FALSE,0,0,1,1,none,8.110363589999999
152,188,FALSE,FALSE,0,0,1,1,none,0.78091159
154,188,FALSE,FALSE,0,0,1,1,none,10.364143590000001
165,188,FALSE,FALSE,0,0,1,1,none,11.918625590000001
110,191,FALSE,FALSE,0,0,1,1,none,12.016679050000002
118,191,TRUE,TRUE,1,0,1,1,anc,0.209063
130,191,FALSE,FALSE,0,0,1,1,none,1.31822682
14,191,FALSE,FALSE,0,0,1,1,none,16.284975199999998
152,191,FALSE,FALSE,1,0,1,1,anc,10.372401199999999
154,191,FALSE,FALSE,0,0,1,1,none,3.5133492000000004
165,191,FALSE,FALSE,0,0,1,1,none,1.4749712
188,191,FALSE,FALSE,0,0,1,1,none,11.689992790000003
110,267,FALSE,FALSE,0,0,1,1,none,2.5058158500000003
118,267,FALSE,FALSE,0,1,1,1,desc,7.5941806000000005
130,267,FALSE,FALSE,0,1,1,1,desc,8.00081762
14,267,FALSE,FALSE,0,0,1,1,none,6.774111999999999
152,267,TRUE,TRUE,1,0,1,1,anc,0.861538
154,267,TRUE,TRUE,0,1,1,1,desc,6.60308
165,267,FALSE,FALSE,0,1,1,1,desc,8.157562
188,267,FALSE,FALSE,0,0,1,1,none,2.17912959
191,267,FALSE,FALSE,0,1,1,1,desc,7.928929200000001
110,275,FALSE,FALSE,0,0,1,1,none,10.52161295
118,275,FALSE,FALSE,0,0,1,1,none,21.5649201
130,275,FALSE,FALSE,0,0,1,1,none,21.971557120000003
14,275,FALSE,FALSE,0,0,1,1,none,18.320039499999996
152,275,FALSE,FALSE,0,0,1,1,none,10.9905875
154,275,FALSE,FALSE,0,0,1,1,none,20.573819500000003
165,275,FALSE,FALSE,0,0,1,1,none,22.128301500000003
188,275,FALSE,FALSE,0,0,1,1,none,10.249990290000001
191,275,FALSE,FALSE,0,0,1,1,none,21.899668700000003
267,275,FALSE,FALSE,0,0,1,1,none,12.388805499999998
110,282,FALSE,FALSE,0,0,1,1,none,8.32782185
118,282,FALSE,FALSE,0,0,1,1,none,15.8409986
130,282,FALSE,FALSE,0,0,1,1,none,16.24763562
14,282,FALSE,FALSE,0,0,1,1,none,9.507768
152,282,FALSE,FALSE,1,0,1,1,anc,6.683544
154,282,FALSE,FALSE,0,0,1,1,none,14.849898
165,282,FALSE,FALSE,0,0,1,1,none,16.40438
188,282,FALSE,FALSE,0,0,1,1,none,8.00113559
191,282,FALSE,FALSE,0,0,1,1,none,16.175747200000004
267,282,FALSE,FALSE,0,0,1,1,none,6.664884000000001
275,282,FALSE,FALSE,0,0,1,1,none,18.210811499999995
110,307,FALSE,FALSE,0,0,1,1,none,2.23464165
118,307,FALSE,FALSE,0,0,1,1,none,12.8661244
130,307,FALSE,FALSE,0,0,1,1,none,13.27276142
14,307,FALSE,FALSE,0,0,1,1,none,9.621243799999998
152,307,TRUE,TRUE,0,0,1,1,none,2.2917918
154,307,FALSE,FALSE,0,0,1,1,none,11.8750238
165,307,FALSE,FALSE,0,0,1,1,none,13.4295058
188,307,FALSE,FALSE,0,0,1,1,none,1.90795539
191,307,FALSE,FALSE,0,0,1,1,none,13.200873000000001
267,307,FALSE,FALSE,0,0,1,1,none,3.6900098000000003
275,307,FALSE,FALSE,0,0,1,1,none,12.117631299999998
282,307,FALSE,FALSE,0,0,1,1,none,9.512015799999999
110,312,FALSE,FALSE,0,0,1,1,none,8.33772085
118,312,FALSE,FALSE,0,0,1,1,none,15.850897600000001
130,312,FALSE,FALSE,0,0,1,1,none,16.25753462
14,312,FALSE,FALSE,0,0,1,1,none,12.209729000000001
152,312,FALSE,FALSE,1,0,1,1,anc,6.693443
154,312,FALSE,FALSE,0,0,1,1,none,14.859796999999999
165,312,FALSE,FALSE,0,0,1,1,none,16.414279
188,312,FALSE,FALSE,0,0,1,1,none,8.011034590000001
191,312,FALSE,FALSE,0,0,1,1,none,16.1856462
267,312,FALSE,FALSE,0,0,1,1,none,6.674783
275,312,FALSE,FALSE,0,0,1,1,none,18.2207105
282,312,FALSE,FALSE,0,0,1,1,none,12.100501
307,312,FALSE,FALSE,0,0,1,1,none,9.5219148
110,315,FALSE,FALSE,0,0,1,1,none,2.28252085
118,315,FALSE,FALSE,0,0,1,1,none,9.7956976
130,315,FALSE,FALSE,0,0,1,1,none,10.20233462
14,315,TRUE,TRUE,0,1,1,1,desc,1.08221
152,315,TRUE,TRUE,1,0,1,1,anc,0.638243
154,315,FALSE,FALSE,0,0,1,1,none,8.804597
165,315,FALSE,FALSE,0,0,1,1,none,10.359079
188,315,FALSE,FALSE,0,0,1,1,none,1.9558345900000003
191,315,FALSE,FALSE,0,0,1,1,none,10.130446200000002
267,315,TRUE,TRUE,0,0,1,1,none,0.619583
275,315,FALSE,FALSE,0,0,1,1,none,12.165510499999998
282,315,TRUE,TRUE,0,1,1,1,desc,4.69927
307,315,FALSE,FALSE,0,0,1,1,none,3.4667148
312,315,TRUE,TRUE,0,1,1,1,desc,3.32709
110,322,FALSE,FALSE,0,0,1,1,none,2.5428858500000002
118,322,FALSE,FALSE,0,0,1,1,none,13.174368600000001
130,322,FALSE,FALSE,0,0,1,1,none,13.581005620000001
14,322,FALSE,FALSE,0,0,1,1,none,9.929488
152,322,TRUE,TRUE,0,0,1,1,none,2.600036
154,322,FALSE,FALSE,0,0,1,1,none,12.183268
165,322,FALSE,FALSE,0,0,1,1,none,13.73775
188,322,FALSE,FALSE,0,0,1,1,none,2.21619959
191,322,FALSE,FALSE,0,0,1,1,none,13.509117200000002
267,322,FALSE,FALSE,0,0,1,1,none,3.998254
275,322,FALSE,FALSE,0,0,1,1,none,12.425875499999998
282,322,FALSE,FALSE,0,0,1,1,none,9.82026
307,322,TRUE,TRUE,0,0,1,1,none,0.4271398
312,322,FALSE,FALSE,0,0,1,1,none,9.830159
315,322,FALSE,FALSE,0,0,1,1,none,3.774959
110,327,TRUE,TRUE,0,0,1,1,none,0.34684345
118,327,FALSE,FALSE,0,1,1,1,desc,11.2286203
130,327,FALSE,FALSE,0,1,1,1,desc,11.635257319999997
14,327,FALSE,FALSE,0,1,1,1,desc,7.983739699999999
152,327,TRUE,TRUE,0,1,1,1,desc,0.6542876999999999
154,327,FALSE,FALSE,0,1,1,1,desc,10.2375197
165,327,FALSE,FALSE,0,1,1,1,desc,11.792001699999998
188,327,TRUE,TRUE,0,1,1,1,desc,0.0181516
191,327,FALSE,FALSE,0,1,1,1,desc,11.563368899999999
267,327,FALSE,FALSE,0,1,1,1,desc,2.0525056999999998
275,327,FALSE,FALSE,0,0,1,1,none,10.2298331
282,327,FALSE,FALSE,0,1,1,1,desc,7.874511699999999
307,327,TRUE,TRUE,0,1,1,1,desc,1.7813315
312,327,FALSE,FALSE,0,1,1,1,desc,7.8844107
315,327,FALSE,FALSE,0,1,1,1,desc,1.8292107000000002
322,327,TRUE,TRUE,0,1,1,1,desc,2.0895757
110,346,FALSE,FALSE,0,0,1,1,none,6.83602495
118,346,FALSE,FALSE,0,0,1,1,none,17.8793321
130,346,FALSE,FALSE,0,0,1,1,none,18.28596912
14,346,FALSE,FALSE,0,0,1,1,none,14.634451499999999
152,346,FALSE,FALSE,0,0,1,1,none,7.3049995
154,346,FALSE,FALSE,0,0,1,1,none,16.8882315
165,346,FALSE,FALSE,0,0,1,1,none,18.4427135
188,346,FALSE,FALSE,0,0,1,1,none,6.56440229
191,346,FALSE,FALSE,0,0,1,1,none,18.214080700000004
267,346,FALSE,FALSE,0,0,1,1,none,8.703217500000001
275,346,FALSE,FALSE,0,1,1,1,desc,2.0398476000000003
282,346,FALSE,FALSE,0,0,1,1,none,14.5252235
307,346,FALSE,FALSE,0,0,1,1,none,8.4320433
312,346,FALSE,FALSE,0,0,1,1,none,14.5351225
315,346,FALSE,FALSE,0,0,1,1,none,8.4799225
322,346,FALSE,FALSE,0,0,1,1,none,8.7402875
327,346,FALSE,FALSE,0,0,1,1,none,6.5442450999999995
110,39,FALSE,FALSE,0,0,1,1,none,11.06628985
118,39,TRUE,TRUE,0,1,1,1,desc,0.275301
130,39,TRUE,TRUE,0,1,1,1,desc,0.69505762
14,39,FALSE,FALSE,0,0,1,1,none,15.334585999999998
152,39,FALSE,FALSE,1,0,1,1,anc,9.422012
154,39,TRUE,TRUE,0,0,1,1,none,2.56296
165,39,TRUE,TRUE,0,1,1,1,desc,0.8518020000000001
188,39,FALSE,FALSE,0,0,1,1,none,10.739603590000002
191,39,FALSE,FALSE,0,1,1,1,desc,0.6100496
267,39,TRUE,TRUE,1,0,1,1,anc,6.978540000000001
275,39,FALSE,FALSE,0,0,1,1,none,20.9492795
282,39,FALSE,FALSE,0,0,1,1,none,15.225358
307,39,FALSE,FALSE,0,0,1,1,none,12.2504838
312,39,FALSE,FALSE,0,0,1,1,none,15.235256999999999
315,39,FALSE,FALSE,0,0,1,1,none,9.180057
322,39,FALSE,FALSE,0,0,1,1,none,12.558728
327,39,FALSE,FALSE,1,0,1,1,anc,10.6129797
346,39,FALSE,FALSE,0,0,1,1,none,17.2636915
110,398,FALSE,FALSE,0,0,1,1,none,4.22458645
118,398,FALSE,FALSE,0,0,1,1,none,13.691321200000003
130,398,FALSE,FALSE,0,0,1,1,none,14.097958220000002
14,398,FALSE,FALSE,0,0,1,1,none,10.446440599999999
152,398,FALSE,FALSE,1,0,1,1,anc,2.135582
154,398,FALSE,FALSE,0,0,1,1,none,12.700220600000002
165,398,FALSE,FALSE,0,0,1,1,none,14.254702600000002
188,398,FALSE,FALSE,0,0,1,1,none,3.89790019
191,398,FALSE,FALSE,0,0,1,1,none,14.026069800000004
267,398,FALSE,FALSE,0,0,1,1,none,4.5152066
275,398,FALSE,FALSE,0,0,1,1,none,14.107576099999998
282,398,FALSE,FALSE,0,0,1,1,none,10.3372126
307,398,FALSE,FALSE,0,0,1,1,none,5.4087804
312,398,FALSE,FALSE,0,0,1,1,none,10.3471116
315,398,FALSE,FALSE,0,0,1,1,none,4.2919116
322,398,FALSE,FALSE,0,0,1,1,none,5.7170246
327,398,FALSE,FALSE,1,0,1,1,anc,3.7712763
346,398,FALSE,FALSE,0,0,1,1,none,10.4219881
39,398,FALSE,FALSE,0,0,1,1,none,13.075680600000002
110,419,FALSE,FALSE,0,0,1,1,none,10.10444085
118,419,FALSE,FALSE,0,0,1,1,none,17.617617600000003
130,419,FALSE,FALSE,0,0,1,1,none,18.024254620000004
14,419,FALSE,FALSE,0,0,1,1,none,13.976449
152,419,FALSE,FALSE,1,0,1,1,anc,8.460163
154,419,FALSE,FALSE,0,0,1,1,none,16.626517
165,419,FALSE,FALSE,0,0,1,1,none,18.180999000000003
188,419,FALSE,FALSE,0,0,1,1,none,9.77775459
191,419,FALSE,FALSE,0,0,1,1,none,17.952366200000004
267,419,FALSE,FALSE,0,0,1,1,none,8.441502999999999
275,419,FALSE,FALSE,0,0,1,1,none,19.9874305
282,419,FALSE,FALSE,0,0,1,1,none,13.867220999999999
307,419,FALSE,FALSE,0,0,1,1,none,11.288634799999999
312,419,TRUE,TRUE,1,0,1,1,anc,1.06199
315,419,FALSE,FALSE,1,0,1,1,anc,5.0938099999999995
322,419,FALSE,FALSE,0,0,1,1,none,11.596879
327,419,FALSE,FALSE,1,0,1,1,anc,9.6511307
346,419,FALSE,FALSE,0,0,1,1,none,16.3018425
39,419,FALSE,FALSE,0,0,1,1,none,17.001977
398,419,FALSE,FALSE,0,0,1,1,none,12.1138316
110,423,TRUE,TRUE,0,0,1,1,none,0.6602926499999999
118,423,FALSE,FALSE,0,0,1,1,none,11.703599800000001
130,423,FALSE,FALSE,0,0,1,1,none,12.11023682
14,423,FALSE,FALSE,0,0,1,1,none,8.458719199999999
152,423,FALSE,FALSE,0,0,1,1,none,1.1292672
154,423,FALSE,FALSE,0,0,1,1,none,10.7124992
165,423,FALSE,FALSE,0,0,1,1,none,12.2669812
188,423,FALSE,FALSE,0,0,1,1,none,0.38866998999999997
191,423,FALSE,FALSE,0,0,1,1,none,12.038348400000002
267,423,FALSE,FALSE,0,0,1,1,none,2.5274852
275,423,FALSE,FALSE,0,1,1,1,desc,7.449528000000001
282,423,FALSE,FALSE,0,0,1,1,none,8.3494912
307,423,FALSE,FALSE,0,0,1,1,none,2.256311
312,423,FALSE,FALSE,0,0,1,1,none,8.3593902
315,423,FALSE,FALSE,0,0,1,1,none,2.3041902
322,423,FALSE,FALSE,0,0,1,1,none,2.5645552
327,423,TRUE,TRUE,0,0,1,1,none,0.3685128
346,423,TRUE,TRUE,0,1,1,1,desc,3.76394
39,423,FALSE,FALSE,0,0,1,1,none,11.0879592
398,423,FALSE,FALSE,0,0,1,1,none,4.2462558
419,423,FALSE,FALSE,0,0,1,1,none,10.1261102
110,428,FALSE,FALSE,0,0,1,1,none,4.632860845
118,428,FALSE,FALSE,0,0,1,1,none,14.099595595000002
130,428,FALSE,FALSE,0,0,1,1,none,14.506232615000002
14,428,FALSE,FALSE,0,0,1,1,none,10.854714994999998
152,428,FALSE,FALSE,1,0,1,1,anc,2.543856395
154,428,FALSE,FALSE,0,0,1,1,none,13.108494995000001
165,428,FALSE,FALSE,0,0,1,1,none,14.662976995000001
188,428,FALSE,FALSE,0,0,1,1,none,4.306174585
191,428,FALSE,FALSE,0,0,1,1,none,14.434344195000003
267,428,FALSE,FALSE,0,0,1,1,none,4.923480994999999
275,428,FALSE,FALSE,0,0,1,1,none,14.515850494999997
282,428,FALSE,FALSE,0,0,1,1,none,10.745486995
307,428,FALSE,FALSE,0,0,1,1,none,5.817054795
312,428,FALSE,FALSE,0,0,1,1,none,10.755385995
315,428,FALSE,FALSE,0,0,1,1,none,4.700185994999999
322,428,FALSE,FALSE,0,0,1,1,none,6.125298995
327,428,FALSE,FALSE,1,0,1,1,anc,4.179550695
346,428,FALSE,FALSE,0,0,1,1,none,10.830262495
39,428,FALSE,FALSE,0,0,1,1,none,Inf
398,428,TRUE,TRUE,1,0,1,1,anc,0.268127
419,428,FALSE,FALSE,0,0,1,1,none,12.522105994999999
423,428,FALSE,FALSE,0,0,1,1,none,4.6545301949999995
110,436,FALSE,FALSE,0,0,1,1,none,10.735759849999999
118,436,FALSE,FALSE,0,0,1,1,none,14.2421906
130,436,FALSE,FALSE,0,0,1,1,none,14.64882762
14,436,FALSE,FALSE,0,0,1,1,none,15.004055999999997
152,436,FALSE,FALSE,1,0,1,1,anc,9.091482
154,436,FALSE,FALSE,0,0,1,1,none,13.25109
165,436,FALSE,FALSE,0,0,1,1,none,14.805572000000002
188,436,FALSE,FALSE,0,0,1,1,none,10.40907359
191,436,FALSE,FALSE,0,0,1,1,none,14.5769392
267,436,TRUE,TRUE,1,0,1,1,anc,6.05913
275,436,FALSE,FALSE,0,0,1,1,none,20.618749499999996
282,436,FALSE,FALSE,0,0,1,1,none,14.894827999999999
307,436,FALSE,FALSE,0,0,1,1,none,11.9199538
312,436,FALSE,FALSE,0,0,1,1,none,14.904727
315,436,FALSE,FALSE,0,0,1,1,none,8.849526999999998
322,436,FALSE,FALSE,0,0,1,1,none,12.228198
327,436,FALSE,FALSE,1,0,1,1,anc,10.282449699999999
346,436,FALSE,FALSE,0,0,1,1,none,16.933161499999997
39,436,FALSE,FALSE,0,0,1,1,none,13.62655
398,436,FALSE,FALSE,0,0,1,1,none,12.7451506
419,436,FALSE,FALSE,0,0,1,1,none,16.671447
423,436,FALSE,FALSE,0,0,1,1,none,10.757429199999999
428,436,FALSE,FALSE,0,0,1,1,none,13.153424995
110,447,FALSE,FALSE,0,0,1,1,none,6.083031475
118,447,FALSE,FALSE,0,0,1,1,none,15.549766225
130,447,FALSE,FALSE,0,0,1,1,none,15.956403245
14,447,FALSE,FALSE,0,0,1,1,none,12.304885624999999
152,447,FALSE,FALSE,1,0,1,1,anc,3.9940270250000003
154,447,FALSE,FALSE,0,0,1,1,none,14.558665625
165,447,FALSE,FALSE,0,0,1,1,none,16.113147625
188,447,FALSE,FALSE,0,0,1,1,none,5.7563452150000005
191,447,FALSE,FALSE,0,0,1,1,none,15.884514825000002
267,447,FALSE,FALSE,0,0,1,1,none,6.373651625
275,447,FALSE,FALSE,0,0,1,1,none,15.966021124999997
282,447,FALSE,FALSE,0,0,1,1,none,12.195657624999999
307,447,FALSE,FALSE,0,0,1,1,none,7.267225425
312,447,FALSE,FALSE,0,0,1,1,none,12.205556625
315,447,FALSE,FALSE,0,0,1,1,none,6.150356625
322,447,FALSE,FALSE,0,0,1,1,none,7.575469625
327,447,FALSE,FALSE,1,0,1,1,anc,5.629721325
346,447,FALSE,FALSE,0,0,1,1,none,12.280433125
39,447,FALSE,FALSE,0,0,1,1,none,Inf
398,447,FALSE,FALSE,1,0,1,1,anc,1.7182976300000001
419,447,FALSE,FALSE,0,0,1,1,none,13.972276625
423,447,FALSE,FALSE,0,0,1,1,none,6.104700825
428,447,TRUE,TRUE,1,0,1,1,anc,0.361359
436,447,FALSE,FALSE,0,0,1,1,none,14.603595625
110,50,FALSE,FALSE,0,0,1,1,none,10.903967849999999
118,50,FALSE,FALSE,0,0,1,1,none,17.574266599999998
130,50,FALSE,FALSE,0,0,1,1,none,17.980903619999996
14,50,FALSE,FALSE,0,0,1,1,none,15.172263999999997
152,50,FALSE,FALSE,1,0,1,1,anc,9.259689999999999
154,50,FALSE,FALSE,0,0,1,1,none,16.583166
165,50,FALSE,FALSE,0,0,1,1,none,18.137648
188,50,FALSE,FALSE,0,0,1,1,none,10.57728159
191,50,FALSE,FALSE,0,0,1,1,none,17.9090152
267,50,TRUE,TRUE,1,0,1,1,anc,5.48311
275,50,FALSE,FALSE,0,0,1,1,none,20.786957499999996
282,50,FALSE,FALSE,0,0,1,1,none,15.063035999999999
307,50,FALSE,FALSE,0,0,1,1,none,12.088161799999998
312,50,FALSE,FALSE,0,0,1,1,none,15.072935
315,50,FALSE,FALSE,0,0,1,1,none,9.017734999999998
322,50,FALSE,FALSE,0,0,1,1,none,12.396405999999999
327,50,FALSE,FALSE,1,0,1,1,anc,10.450657699999999
346,50,FALSE,FALSE,0,0,1,1,none,17.101369499999997
39,50,FALSE,FALSE,0,0,1,1,none,16.958626
398,50,FALSE,FALSE,0,0,1,1,none,12.913358599999999
419,50,FALSE,FALSE,0,0,1,1,none,16.839655
423,50,FALSE,FALSE,0,0,1,1,none,10.925637199999999
428,50,FALSE,FALSE,0,0,1,1,none,13.321632994999998
436,50,FALSE,FALSE,0,0,1,1,none,16.628096
447,50,FALSE,FALSE,0,0,1,1,none,14.771803625
110,513,FALSE,FALSE,0,0,1,1,none,9.50361955
118,513,FALSE,FALSE,0,0,1,1,none,17.0167963
130,513,FALSE,FALSE,0,0,1,1,none,17.42343332
14,513,FALSE,FALSE,0,0,1,1,none,10.6835657
152,513,FALSE,FALSE,1,0,1,1,anc,7.859341700000001
154,513,FALSE,FALSE,0,0,1,1,none,16.0256957
165,513,FALSE,FALSE,0,0,1,1,none,17.5801777
188,513,FALSE,FALSE,0,0,1,1,none,9.176933290000001
191,513,FALSE,FALSE,0,0,1,1,none,17.351544900000004
267,513,FALSE,FALSE,0,0,1,1,none,7.8406817
275,513,FALSE,FALSE,0,0,1,1,none,19.3866092
282,513,TRUE,TRUE,1,0,1,1,anc,0.823396
307,513,FALSE,FALSE,0,0,1,1,none,10.687813499999999
312,513,FALSE,FALSE,0,0,1,1,none,13.2762987
315,513,FALSE,FALSE,1,0,1,1,anc,5.875067700000001
322,513,FALSE,FALSE,0,0,1,1,none,10.9960577
327,513,FALSE,FALSE,1,0,1,1,anc,9.0503094
346,513,FALSE,FALSE,0,0,1,1,none,15.7010212
39,513,FALSE,FALSE,0,0,1,1,none,16.4011557
398,513,FALSE,FALSE,0,0,1,1,none,11.513010300000001
419,513,FALSE,FALSE,0,0,1,1,none,15.0430187
423,513,FALSE,FALSE,0,0,1,1,none,9.5252889
428,513,FALSE,FALSE,0,0,1,1,none,11.921284695
436,513,FALSE,FALSE,0,0,1,1,none,16.070625699999997
447,513,FALSE,FALSE,0,0,1,1,none,13.371455325
50,513,FALSE,FALSE,0,0,1,1,none,16.238833699999997
110,581,FALSE,FALSE,0,0,1,1,none,11.15578785
118,581,FALSE,FALSE,0,0,1,1,none,17.826086599999996
130,581,FALSE,FALSE,0,0,1,1,none,18.232723619999994
14,581,FALSE,FALSE,0,0,1,1,none,15.424083999999997
152,581,FALSE,FALSE,1,0,1,1,anc,9.51151
154,581,FALSE,FALSE,0,0,1,1,none,16.834986
165,581,FALSE,FALSE,0,0,1,1,none,18.389467999999994
188,581,FALSE,FALSE,0,0,1,1,none,10.82910159
191,581,FALSE,FALSE,0,0,1,1,none,18.160835199999998
267,581,TRUE,TRUE,1,0,1,1,anc,5.73493
275,581,FALSE,FALSE,0,0,1,1,none,21.0387775
282,581,FALSE,FALSE,0,0,1,1,none,15.314855999999999
307,581,FALSE,FALSE,0,0,1,1,none,12.339981799999999
312,581,FALSE,FALSE,0,0,1,1,none,15.324754999999998
315,581,FALSE,FALSE,0,0,1,1,none,9.269554999999999
322,581,FALSE,FALSE,0,0,1,1,none,12.648226
327,581,FALSE,FALSE,1,0,1,1,anc,10.7024777
346,581,FALSE,FALSE,0,0,1,1,none,17.3531895
39,581,FALSE,FALSE,0,0,1,1,none,17.210445999999997
398,581,FALSE,FALSE,0,0,1,1,none,13.165178599999999
419,581,FALSE,FALSE,0,0,1,1,none,17.091475
423,581,FALSE,FALSE,0,0,1,1,none,11.1774572
428,581,FALSE,FALSE,0,0,1,1,none,13.573452994999998
436,581,FALSE,FALSE,0,0,1,1,none,16.879915999999998
447,581,FALSE,FALSE,0,0,1,1,none,15.023623625
50,581,TRUE,TRUE,0,0,1,1,none,5.68108
513,581,FALSE,FALSE,0,0,1,1,none,16.4906537
110,611,FALSE,FALSE,0,0,1,1,none,2.34418245
118,611,FALSE,FALSE,0,0,1,1,none,11.8109172
130,611,FALSE,FALSE,0,0,1,1,none,12.21755422
14,611,FALSE,FALSE,0,0,1,1,none,8.566036599999999
152,611,TRUE,TRUE,1,0,1,1,anc,0.255178
154,611,FALSE,FALSE,0,0,1,1,none,10.8198166
165,611,FALSE,FALSE,0,0,1,1,none,12.3742986
188,611,FALSE,FALSE,0,0,1,1,none,2.01749619
191,611,FALSE,FALSE,0,0,1,1,none,12.145665800000002
267,611,FALSE,FALSE,0,0,1,1,none,2.6348026
275,611,FALSE,FALSE,0,0,1,1,none,12.227172099999997
282,611,FALSE,FALSE,0,0,1,1,none,8.4568086
307,611,FALSE,FALSE,0,0,1,1,none,3.5283764
312,611,FALSE,FALSE,0,0,1,1,none,8.4667076
315,611,FALSE,FALSE,0,0,1,1,none,2.4115076
322,611,FALSE,FALSE,0,0,1,1,none,3.8366206
327,611,FALSE,FALSE,1,0,1,1,anc,1.8908723
346,611,FALSE,FALSE,0,0,1,1,none,8.5415841
39,611,FALSE,FALSE,0,0,1,1,none,11.1952766
398,611,TRUE,TRUE,0,1,1,1,desc,0.85051
419,611,FALSE,FALSE,0,0,1,1,none,10.233427599999999
423,611,FALSE,FALSE,0,0,1,1,none,2.3658517999999997
428,611,FALSE,FALSE,0,1,1,1,desc,1.258784395
436,611,FALSE,FALSE,0,0,1,1,none,10.8647466
447,611,FALSE,FALSE,0,1,1,1,desc,2.7089550250000003
50,611,FALSE,FALSE,0,0,1,1,none,11.0329546
513,611,FALSE,FALSE,0,0,1,1,none,9.6326063
581,611,FALSE,FALSE,0,0,1,1,none,11.2847746
110,632,FALSE,FALSE,0,0,1,1,none,10.038516349999998
118,632,FALSE,FALSE,0,0,1,1,none,17.551693100000005
130,632,FALSE,FALSE,0,0,1,1,none,17.958330120000003
14,632,FALSE,FALSE,0,0,1,1,none,13.910524500000001
152,632,FALSE,FALSE,1,0,1,1,anc,8.3942385
154,632,FALSE,FALSE,0,0,1,1,none,16.5605925
165,632,FALSE,FALSE,0,0,1,1,none,18.115074500000002
188,632,FALSE,FALSE,0,0,1,1,none,9.71183009
191,632,FALSE,FALSE,0,0,1,1,none,17.886441700000002
267,632,FALSE,FALSE,0,0,1,1,none,8.3755785
275,632,FALSE,FALSE,0,0,1,1,none,19.921505999999997
282,632,FALSE,FALSE,0,0,1,1,none,13.8012965
307,632,FALSE,FALSE,0,0,1,1,none,11.222710299999997
312,632,TRUE,TRUE,1,0,1,1,anc,0.61765
315,632,FALSE,FALSE,1,0,1,1,anc,5.0278855
322,632,FALSE,FALSE,0,0,1,1,none,11.530954499999998
327,632,FALSE,FALSE,1,0,1,1,anc,9.5852062
346,632,FALSE,FALSE,0,0,1,1,none,16.235917999999998
39,632,FALSE,FALSE,0,0,1,1,none,16.936052500000002
398,632,FALSE,FALSE,0,0,1,1,none,12.0479071
419,632,FALSE,FALSE,0,0,1,1,none,3.4675155
423,632,FALSE,FALSE,0,0,1,1,none,10.060185699999998
428,632,FALSE,FALSE,0,0,1,1,none,12.456181495
436,632,FALSE,FALSE,0,0,1,1,none,16.6055225
447,632,FALSE,FALSE,0,0,1,1,none,13.906352124999998
50,632,FALSE,FALSE,0,0,1,1,none,16.7737305
513,632,FALSE,FALSE,0,0,1,1,none,14.9770942
581,632,FALSE,FALSE,0,0,1,1,none,17.0255505
611,632,FALSE,FALSE,0,0,1,1,none,10.167503099999998
110,642,FALSE,FALSE,0,0,1,1,none,10.97968985
118,642,FALSE,FALSE,0,0,1,1,none,14.4861206
130,642,FALSE,FALSE,0,0,1,1,none,14.892757620000001
14,642,FALSE,FALSE,0,0,1,1,none,15.247985999999997
152,642,FALSE,FALSE,1,0,1,1,anc,9.335412
154,642,FALSE,FALSE,0,0,1,1,none,13.49502
165,642,FALSE,FALSE,0,0,1,1,none,15.049502
188,642,FALSE,FALSE,0,0,1,1,none,10.65300359
191,642,FALSE,FALSE,0,0,1,1,none,14.8208692
267,642,TRUE,TRUE,1,0,1,1,anc,6.30306
275,642,FALSE,FALSE,0,0,1,1,none,20.862679500000002
282,642,FALSE,FALSE,0,0,1,1,none,15.138758
307,642,FALSE,FALSE,0,0,1,1,none,12.163883799999999
312,642,FALSE,FALSE,0,0,1,1,none,15.148656999999998
315,642,FALSE,FALSE,0,0,1,1,none,9.093456999999999
322,642,FALSE,FALSE,0,0,1,1,none,12.472128
327,642,FALSE,FALSE,1,0,1,1,anc,10.5263797
346,642,FALSE,FALSE,0,0,1,1,none,17.1770915
39,642,FALSE,FALSE,0,0,1,1,none,13.87048
398,642,FALSE,FALSE,0,0,1,1,none,12.989080600000001
419,642,FALSE,FALSE,0,0,1,1,none,16.915377
423,642,FALSE,FALSE,0,0,1,1,none,11.0013592
428,642,FALSE,FALSE,0,0,1,1,none,13.397354995
436,642,TRUE,TRUE,0,0,1,1,none,8.48219
447,642,FALSE,FALSE,0,0,1,1,none,14.847525625
50,642,FALSE,FALSE,0,0,1,1,none,16.872025999999998
513,642,FALSE,FALSE,0,0,1,1,none,16.3145557
581,642,FALSE,FALSE,0,0,1,1,none,17.123845999999997
611,642,FALSE,FALSE,0,0,1,1,none,11.108676599999999
632,642,FALSE,FALSE,0,0,1,1,none,16.849452499999998
110,66,FALSE,FALSE,0,0,1,1,none,10.97504785
118,66,FALSE,FALSE,0,0,1,1,none,17.645346599999996
130,66,FALSE,FALSE,0,0,1,1,none,18.051983619999994
14,66,FALSE,FALSE,0,0,1,1,none,15.243343999999997
152,66,FALSE,FALSE,1,0,1,1,anc,9.33077
154,66,FALSE,FALSE,0,0,1,1,none,16.654246
165,66,FALSE,FALSE,0,0,1,1,none,18.208727999999994
188,66,FALSE,FALSE,0,0,1,1,none,10.64836159
191,66,FALSE,FALSE,0,0,1,1,none,17.980095199999997
267,66,TRUE,TRUE,1,0,1,1,anc,5.55419
275,66,FALSE,FALSE,0,0,1,1,none,20.8580375
282,66,FALSE,FALSE,0,0,1,1,none,15.134115999999999
307,66,FALSE,FALSE,0,0,1,1,none,12.159241799999998
312,66,FALSE,FALSE,0,0,1,1,none,15.144014999999998
315,66,FALSE,FALSE,0,0,1,1,none,9.088814999999999
322,66,FALSE,FALSE,0,0,1,1,none,12.467486
327,66,FALSE,FALSE,1,0,1,1,anc,10.5217377
346,66,FALSE,FALSE,0,0,1,1,none,17.1724495
39,66,FALSE,FALSE,0,0,1,1,none,17.029705999999997
398,66,FALSE,FALSE,0,0,1,1,none,12.9844386
419,66,FALSE,FALSE,0,0,1,1,none,16.910735
423,66,FALSE,FALSE,0,0,1,1,none,10.996717199999999
428,66,FALSE,FALSE,0,0,1,1,none,13.392712995
436,66,FALSE,FALSE,0,0,1,1,none,16.699175999999998
447,66,FALSE,FALSE,0,0,1,1,none,14.842883625000002
50,66,TRUE,TRUE,0,0,1,1,none,5.50034
513,66,FALSE,FALSE,0,0,1,1,none,16.3099137
581,66,TRUE,TRUE,0,0,1,1,none,4.3908000000000005
611,66,FALSE,FALSE,0,0,1,1,none,11.104034600000002
632,66,FALSE,FALSE,0,0,1,1,none,16.844810499999998
642,66,FALSE,FALSE,0,0,1,1,none,16.943105999999997
110,681,FALSE,FALSE,0,0,1,1,none,1.5696880400000002
118,681,FALSE,FALSE,0,0,1,1,none,12.55793159
130,681,FALSE,FALSE,0,0,1,1,none,12.96456861
14,681,FALSE,FALSE,0,0,1,1,none,9.313050989999999
152,681,FALSE,FALSE,0,0,1,1,none,1.9835989900000002
154,681,FALSE,FALSE,0,0,1,1,none,11.56683099
165,681,FALSE,FALSE,0,0,1,1,none,13.12131299
188,681,TRUE,TRUE,1,0,1,1,anc,0.133153
191,681,FALSE,FALSE,0,0,1,1,none,12.892680190000002
267,681,FALSE,FALSE,0,0,1,1,none,3.3818169900000004
275,681,FALSE,FALSE,0,0,1,1,none,11.452677689999998
282,681,FALSE,FALSE,0,0,1,1,none,9.20382299
307,681,FALSE,FALSE,0,0,1,1,none,3.11064279
312,681,FALSE,FALSE,0,0,1,1,none,9.21372199
315,681,FALSE,FALSE,0,0,1,1,none,3.1585219900000006
322,681,FALSE,FALSE,0,0,1,1,none,3.41888699
327,681,FALSE,FALSE,1,0,1,1,anc,1.2208389999999998
346,681,FALSE,FALSE,0,0,1,1,none,7.76708969
39,681,FALSE,FALSE,0,0,1,1,none,11.94229099
398,681,FALSE,FALSE,0,0,1,1,none,5.10058759
419,681,FALSE,FALSE,0,0,1,1,none,10.98044199
423,681,FALSE,FALSE,0,0,1,1,none,1.5913573900000002
428,681,FALSE,FALSE,0,0,1,1,none,5.508861984999999
436,681,FALSE,FALSE,0,0,1,1,none,11.61176099
447,681,FALSE,FALSE,0,0,1,1,none,6.959032615
50,681,FALSE,FALSE,0,0,1,1,none,11.77996899
513,681,FALSE,FALSE,0,0,1,1,none,10.379620690000001
581,681,FALSE,FALSE,0,0,1,1,none,12.03178899
611,681,FALSE,FALSE,0,0,1,1,none,3.2201835899999995
632,681,FALSE,FALSE,0,0,1,1,none,10.914517489999998
642,681,FALSE,FALSE,0,0,1,1,none,11.85569099
66,681,FALSE,FALSE,0,0,1,1,none,11.851048990000002
110,685,FALSE,FALSE,0,0,1,1,none,2.4934783099999995
118,685,FALSE,FALSE,0,0,1,1,none,13.12496106
130,685,FALSE,FALSE,0,0,1,1,none,13.53159808
14,685,FALSE,FALSE,0,0,1,1,none,9.880080459999999
152,685,FALSE,FALSE,0,0,1,1,none,2.55062846
154,685,FALSE,FALSE,0,0,1,1,none,12.13386046
165,685,FALSE,FALSE,0,0,1,1,none,13.68834246
188,685,FALSE,FALSE,0,0,1,1,none,2.1667920499999997
191,685,FALSE,FALSE,0,0,1,1,none,13.459709660000001
267,685,FALSE,FALSE,0,0,1,1,none,3.9488464600000004
275,685,FALSE,FALSE,0,0,1,1,none,12.376467959999998
282,685,FALSE,FALSE,0,0,1,1,none,9.770852459999999
307,685,TRUE,TRUE,1,0,1,1,anc,0.125231
312,685,FALSE,FALSE,0,0,1,1,none,9.78075146
315,685,FALSE,FALSE,0,0,1,1,none,3.72555146
322,685,FALSE,FALSE,0,0,1,1,none,0.68597646
327,685,FALSE,FALSE,1,0,1,1,anc,2.04016816
346,685,FALSE,FALSE,0,0,1,1,none,8.69087996
39,685,FALSE,FALSE,0,0,1,1,none,12.50932046
398,685,FALSE,FALSE,0,0,1,1,none,5.66761706
419,685,FALSE,FALSE,0,0,1,1,none,11.547471459999999
423,685,FALSE,FALSE,0,0,1,1,none,2.5151476600000002
428,685,FALSE,FALSE,0,0,1,1,none,6.075891455
436,685,FALSE,FALSE,0,0,1,1,none,12.17879046
447,685,FALSE,FALSE,0,0,1,1,none,7.526062085
50,685,FALSE,FALSE,0,0,1,1,none,12.346998459999998
513,685,FALSE,FALSE,0,0,1,1,none,10.946650159999999
581,685,FALSE,FALSE,0,0,1,1,none,12.598818459999999
611,685,FALSE,FALSE,0,0,1,1,none,3.78721306
632,685,FALSE,FALSE,0,0,1,1,none,11.481546959999998
642,685,FALSE,FALSE,0,0,1,1,none,12.422720459999999
66,685,FALSE,FALSE,0,0,1,1,none,12.418078459999998
681,685,FALSE,FALSE,0,0,1,1,none,3.36947945
110,694,FALSE,FALSE,0,0,1,1,none,2.4340348499999998
118,694,FALSE,FALSE,0,0,1,1,none,10.827409600000001
130,694,FALSE,FALSE,0,0,1,1,none,11.23404662
14,694,FALSE,FALSE,0,0,1,1,none,7.582528999999999
152,694,TRUE,TRUE,1,0,1,1,anc,0.57563
154,694,FALSE,FALSE,0,0,1,1,none,9.836309
165,694,FALSE,FALSE,0,0,1,1,none,11.390791
188,694,FALSE,FALSE,0,0,1,1,none,2.10734859
191,694,FALSE,FALSE,0,0,1,1,none,11.162158200000002
267,694,FALSE,FALSE,0,0,1,1,none,1.6512950000000002
275,694,FALSE,FALSE,0,0,1,1,none,12.317024499999997
282,694,FALSE,FALSE,0,0,1,1,none,7.473301
307,694,FALSE,FALSE,0,0,1,1,none,3.6182288
312,694,FALSE,FALSE,0,0,1,1,none,7.4832
315,694,FALSE,FALSE,0,0,1,1,none,1.428
322,694,FALSE,FALSE,0,0,1,1,none,3.9264729999999997
327,694,FALSE,FALSE,1,0,1,1,anc,1.9807247000000001
346,694,FALSE,FALSE,0,0,1,1,none,8.6314365
39,694,FALSE,FALSE,0,0,1,1,none,10.211769
398,694,FALSE,FALSE,0,0,1,1,none,4.4434256
419,694,FALSE,FALSE,0,0,1,1,none,9.24992
423,694,FALSE,FALSE,0,0,1,1,none,2.4557041999999996
428,694,FALSE,FALSE,0,0,1,1,none,4.851699995
436,694,FALSE,FALSE,0,0,1,1,none,9.881239
447,694,FALSE,FALSE,0,0,1,1,none,6.301870625
50,694,FALSE,FALSE,0,0,1,1,none,10.049447
513,694,FALSE,FALSE,0,0,1,1,none,8.6490987
581,694,FALSE,FALSE,0,0,1,1,none,10.301267000000001
611,694,FALSE,FALSE,0,0,1,1,none,2.5630216
632,694,FALSE,FALSE,0,0,1,1,none,9.183995499999998
642,694,FALSE,FALSE,0,0,1,1,none,10.125169
66,694,FALSE,FALSE,0,0,1,1,none,10.120527000000003
681,694,FALSE,FALSE,0,0,1,1,none,3.3100359900000003
685,694,FALSE,FALSE,0,0,1,1,none,3.87706546
110,776,FALSE,FALSE,0,0,1,1,none,8.54438385
118,776,FALSE,FALSE,0,0,1,1,none,16.0575606
130,776,FALSE,FALSE,0,0,1,1,none,16.46419762
14,776,FALSE,FALSE,0,0,1,1,none,3.6707659999999995
152,776,FALSE,FALSE,1,0,1,1,anc,6.900105999999999
154,776,FALSE,FALSE,0,0,1,1,none,15.066459999999998
165,776,FALSE,FALSE,0,0,1,1,none,16.620942
188,776,FALSE,FALSE,0,0,1,1,none,8.217697589999998
191,776,FALSE,FALSE,0,0,1,1,none,16.3923092
267,776,FALSE,FALSE,0,0,1,1,none,6.8814459999999995
275,776,FALSE,FALSE,0,0,1,1,none,18.427373499999998
282,776,FALSE,FALSE,0,0,1,1,none,9.615102
307,776,FALSE,FALSE,0,0,1,1,none,9.728577799999998
312,776,FALSE,FALSE,0,0,1,1,none,12.317063
315,776,TRUE,TRUE,1,0,1,1,anc,1.88905
322,776,FALSE,FALSE,0,0,1,1,none,10.036821999999999
327,776,FALSE,FALSE,1,0,1,1,anc,8.091073699999999
346,776,FALSE,FALSE,0,0,1,1,none,14.741785499999999
39,776,FALSE,FALSE,0,0,1,1,none,15.441919999999998
398,776,FALSE,FALSE,0,0,1,1,none,10.553774599999999
419,776,FALSE,FALSE,0,0,1,1,none,14.083782999999999
423,776,FALSE,FALSE,0,0,1,1,none,8.566053199999999
428,776,FALSE,FALSE,0,0,1,1,none,10.962048994999998
436,776,FALSE,FALSE,0,0,1,1,none,15.111389999999997
447,776,FALSE,FALSE,0,0,1,1,none,12.412219624999999
50,776,FALSE,FALSE,0,0,1,1,none,15.279597999999996
513,776,FALSE,FALSE,0,0,1,1,none,10.7908997
581,776,FALSE,FALSE,0,0,1,1,none,15.531417999999997
611,776,FALSE,FALSE,0,0,1,1,none,8.673370599999998
632,776,FALSE,FALSE,0,0,1,1,none,14.017858499999999
642,776,FALSE,FALSE,0,0,1,1,none,15.355319999999997
66,776,FALSE,FALSE,0,0,1,1,none,15.350677999999997
681,776,FALSE,FALSE,0,0,1,1,none,9.420384989999999
685,776,FALSE,FALSE,0,0,1,1,none,9.987414459999998
694,776,FALSE,FALSE,0,0,1,1,none,7.689863
110,79,FALSE,FALSE,0,0,1,1,none,6.3989263450000005
118,79,FALSE,FALSE,0,0,1,1,none,15.865661095
130,79,FALSE,FALSE,0,0,1,1,none,16.272298114999998
14,79,FALSE,FALSE,0,0,1,1,none,12.620780494999998
152,79,FALSE,FALSE,1,0,1,1,anc,4.309921895
154,79,FALSE,FALSE,0,0,1,1,none,14.874560494999999
165,79,FALSE,FALSE,0,0,1,1,none,16.429042494999997
188,79,FALSE,FALSE,0,0,1,1,none,6.072240085000001
191,79,FALSE,FALSE,0,0,1,1,none,16.200409695
267,79,FALSE,FALSE,0,0,1,1,none,6.689546494999999
275,79,FALSE,FALSE,0,0,1,1,none,16.281915995
282,79,FALSE,FALSE,0,0,1,1,none,12.511552495
307,79,FALSE,FALSE,0,0,1,1,none,7.5831202950000005
312,79,FALSE,FALSE,0,0,1,1,none,12.521451494999999
315,79,FALSE,FALSE,0,0,1,1,none,6.466251494999999
322,79,FALSE,FALSE,0,0,1,1,none,7.891364495
327,79,FALSE,FALSE,1,0,1,1,anc,5.9456161949999995
346,79,FALSE,FALSE,0,0,1,1,none,12.596327995000001
39,79,FALSE,FALSE,0,0,1,1,none,Inf
398,79,FALSE,FALSE,1,0,1,1,anc,2.0341925
419,79,FALSE,FALSE,0,0,1,1,none,14.288171494999999
423,79,FALSE,FALSE,0,0,1,1,none,6.420595695
428,79,TRUE,TRUE,1,0,1,1,anc,0.788737
436,79,FALSE,FALSE,0,0,1,1,none,14.919490494999998
447,79,FALSE,FALSE,0,0,1,1,none,1.2615791299999999
50,79,FALSE,FALSE,0,0,1,1,none,15.087698494999998
513,79,FALSE,FALSE,0,0,1,1,none,13.687350195
581,79,FALSE,FALSE,0,0,1,1,none,15.339518494999998
611,79,FALSE,FALSE,1,0,1,1,anc,3.024849895
632,79,FALSE,FALSE,0,0,1,1,none,14.222246994999999
642,79,FALSE,FALSE,0,0,1,1,none,15.163420494999997
66,79,FALSE,FALSE,0,0,1,1,none,15.158778495
681,79,FALSE,FALSE,0,0,1,1,none,7.274927485
685,79,FALSE,FALSE,0,0,1,1,none,7.841956955000001
694,79,FALSE,FALSE,0,0,1,1,none,6.6177654949999996
776,79,FALSE,FALSE,0,0,1,1,none,12.728114494999998
110,799,FALSE,FALSE,0,0,1,1,none,9.251086695000001
118,799,FALSE,FALSE,0,0,1,1,none,18.717821445
130,799,FALSE,FALSE,0,0,1,1,none,19.124458464999996
14,799,FALSE,FALSE,0,0,1,1,none,15.472940844999998
152,799,FALSE,FALSE,1,0,1,1,anc,7.162082245
154,799,FALSE,FALSE,0,0,1,1,none,17.726720845
165,799,FALSE,FALSE,0,0,1,1,none,19.281202844999996
188,799,FALSE,FALSE,0,0,1,1,none,8.924400435
191,799,FALSE,FALSE,0,0,1,1,none,19.052570045
267,799,FALSE,FALSE,0,0,1,1,none,9.541706845
275,799,FALSE,FALSE,0,0,1,1,none,19.134076345
282,799,FALSE,FALSE,0,0,1,1,none,15.363712845
307,799,FALSE,FALSE,0,0,1,1,none,10.435280645
312,799,FALSE,FALSE,0,0,1,1,none,15.373611845000001
315,799,FALSE,FALSE,0,0,1,1,none,9.318411845
322,799,FALSE,FALSE,0,0,1,1,none,10.743524845000001
327,799,FALSE,FALSE,1,0,1,1,anc,8.797776544999998
346,799,FALSE,FALSE,0,0,1,1,none,15.448488345
39,799,FALSE,FALSE,0,0,1,1,none,Inf
398,799,FALSE,FALSE,1,0,1,1,anc,4.886352850000001
419,799,FALSE,FALSE,0,0,1,1,none,17.140331845000002
423,799,FALSE,FALSE,0,0,1,1,none,9.272756045
428,799,FALSE,FALSE,1,0,1,1,anc,3.6408973500000004
436,799,FALSE,FALSE,0,0,1,1,none,17.771650844999996
447,799,FALSE,FALSE,0,0,1,1,none,4.11373948
50,799,FALSE,FALSE,0,0,1,1,none,17.939858845
513,799,FALSE,FALSE,0,0,1,1,none,16.539510545
581,799,FALSE,FALSE,0,0,1,1,none,18.191678845000002
611,799,FALSE,FALSE,1,0,1,1,anc,5.877010245
632,799,FALSE,FALSE,0,0,1,1,none,17.074407345000004
642,799,FALSE,FALSE,0,0,1,1,none,18.015580845
66,799,FALSE,FALSE,0,0,1,1,none,18.010938845000002
681,799,FALSE,FALSE,0,0,1,1,none,10.127087835
685,799,FALSE,FALSE,0,0,1,1,none,10.694117305
694,799,FALSE,FALSE,0,0,1,1,none,9.469925845
776,799,FALSE,FALSE,0,0,1,1,none,15.580274844999998
79,799,FALSE,FALSE,1,0,1,1,anc,2.0655080000000003
110,809,FALSE,FALSE,0,0,1,1,none,8.80684035
118,809,FALSE,FALSE,0,0,1,1,none,19.8501475
130,809,FALSE,FALSE,0,0,1,1,none,20.256784520000004
14,809,FALSE,FALSE,0,0,1,1,none,16.605266899999997
152,809,FALSE,FALSE,0,0,1,1,none,9.2758149
154,809,FALSE,FALSE,0,0,1,1,none,18.859046900000003
165,809,FALSE,FALSE,0,0,1,1,none,20.413528900000003
188,809,FALSE,FALSE,0,0,1,1,none,8.535217690000001
191,809,FALSE,FALSE,0,0,1,1,none,20.184896100000003
267,809,FALSE,FALSE,0,0,1,1,none,10.674032899999998
275,809,TRUE,TRUE,0,1,1,1,desc,0.936444
282,809,FALSE,FALSE,0,0,1,1,none,16.496038899999995
307,809,FALSE,FALSE,0,0,1,1,none,10.402858699999998
312,809,FALSE,FALSE,0,0,1,1,none,16.5059379
315,809,FALSE,FALSE,0,0,1,1,none,10.450737899999998
322,809,FALSE,FALSE,0,0,1,1,none,10.711102899999998
327,809,FALSE,FALSE,0,0,1,1,none,8.5150605
346,809,TRUE,TRUE,1,0,1,1,anc,0.325075
39,809,FALSE,FALSE,0,0,1,1,none,19.2345069
398,809,FALSE,FALSE,0,0,1,1,none,12.392803499999998
419,809,FALSE,FALSE,0,0,1,1,none,18.2726579
423,809,FALSE,FALSE,1,0,1,1,anc,5.7347554
428,809,FALSE,FALSE,0,0,1,1,none,12.801077894999997
436,809,FALSE,FALSE,0,0,1,1,none,18.903976899999996
447,809,FALSE,FALSE,0,0,1,1,none,14.251248524999998
50,809,FALSE,FALSE,0,0,1,1,none,19.072184899999996
513,809,FALSE,FALSE,0,0,1,1,none,17.6718366
581,809,FALSE,FALSE,0,0,1,1,none,19.3240049
611,809,FALSE,FALSE,0,0,1,1,none,10.512399499999997
632,809,FALSE,FALSE,0,0,1,1,none,18.206733399999997
642,809,FALSE,FALSE,0,0,1,1,none,19.147906900000002
66,809,FALSE,FALSE,0,0,1,1,none,19.1432649
681,809,FALSE,FALSE,0,0,1,1,none,9.737905089999998
685,809,FALSE,FALSE,0,0,1,1,none,10.661695359999998
694,809,FALSE,FALSE,0,0,1,1,none,10.602251899999997
776,809,FALSE,FALSE,0,0,1,1,none,16.712600899999998
79,809,FALSE,FALSE,0,0,1,1,none,14.567143394999999
799,809,FALSE,FALSE,0,0,1,1,none,17.419303745
110,811,FALSE,FALSE,0,0,1,1,none,12.16875347
118,811,FALSE,FALSE,0,0,1,1,none,1.06366422
130,811,TRUE,TRUE,0,0,1,1,none,0.40500800000000003
14,811,FALSE,FALSE,0,0,1,1,none,16.437049619999996
152,811,FALSE,FALSE,1,0,1,1,anc,10.524475619999999
154,811,FALSE,FALSE,0,0,1,1,none,3.66542362
165,811,TRUE,TRUE,0,0,1,1,none,0.58051762
188,811,FALSE,FALSE,0,0,1,1,none,11.842067210000002
191,811,FALSE,FALSE,0,0,1,1,none,1.39841282
267,811,FALSE,FALSE,1,0,1,1,anc,8.08100362
275,811,FALSE,FALSE,0,0,1,1,none,22.05174312
282,811,FALSE,FALSE,0,0,1,1,none,16.32782162
307,811,FALSE,FALSE,0,0,1,1,none,13.35294742
312,811,FALSE,FALSE,0,0,1,1,none,16.33772062
315,811,FALSE,FALSE,0,0,1,1,none,10.28252062
322,811,FALSE,FALSE,0,0,1,1,none,13.66119162
327,811,FALSE,FALSE,1,0,1,1,anc,11.715443319999999
346,811,FALSE,FALSE,0,0,1,1,none,18.366155120000002
39,811,TRUE,TRUE,1,0,1,1,anc,0.77524362
398,811,FALSE,FALSE,0,0,1,1,none,14.178144220000002
419,811,FALSE,FALSE,0,0,1,1,none,18.104440620000002
423,811,FALSE,FALSE,0,0,1,1,none,12.19042282
428,811,FALSE,FALSE,0,0,1,1,none,14.586418615000001
436,811,FALSE,FALSE,0,0,1,1,none,14.729013620000002
447,811,FALSE,FALSE,0,0,1,1,none,16.036589245000002
50,811,FALSE,FALSE,0,0,1,1,none,18.061089619999997
513,811,FALSE,FALSE,0,0,1,1,none,17.503619320000002
581,811,FALSE,FALSE,0,0,1,1,none,18.312909619999996
611,811,FALSE,FALSE,0,0,1,1,none,12.29774022
632,811,FALSE,FALSE,0,0,1,1,none,18.03851612
642,811,FALSE,FALSE,0,0,1,1,none,14.972943620000002
66,811,FALSE,FALSE,0,0,1,1,none,18.132169619999996
681,811,FALSE,FALSE,0,0,1,1,none,13.04475461
685,811,FALSE,FALSE,0,0,1,1,none,13.61178408
694,811,FALSE,FALSE,0,0,1,1,none,11.31423262
776,811,FALSE,FALSE,0,0,1,1,none,16.544383619999998
79,811,FALSE,FALSE,0,0,1,1,none,16.352484115
799,811,FALSE,FALSE,0,0,1,1,none,19.204644464999998
809,811,FALSE,FALSE,0,0,1,1,none,20.33697052
110,831,FALSE,FALSE,0,0,1,1,none,11.327247850000001
118,831,FALSE,FALSE,0,0,1,1,none,0.8765986
130,831,FALSE,FALSE,0,0,1,1,none,1.2832356200000001
14,831,FALSE,FALSE,0,0,1,1,none,15.595543999999999
152,831,FALSE,FALSE,1,0,1,1,anc,9.68297
154,831,FALSE,FALSE,0,0,1,1,none,2.823918
165,831,FALSE,FALSE,0,0,1,1,none,1.43998
188,831,FALSE,FALSE,0,0,1,1,none,11.000561590000002
191,831,FALSE,FALSE,0,0,1,1,none,1.2113472
267,831,FALSE,FALSE,1,0,1,1,anc,7.239498
275,831,FALSE,FALSE,0,0,1,1,none,21.2102375
282,831,FALSE,FALSE,0,0,1,1,none,15.486316
307,831,FALSE,FALSE,0,0,1,1,none,12.5114418
312,831,FALSE,FALSE,0,0,1,1,none,15.496215000000001
315,831,FALSE,FALSE,0,0,1,1,none,9.441015
322,831,FALSE,FALSE,0,0,1,1,none,12.819686
327,831,FALSE,FALSE,1,0,1,1,anc,10.873937699999999
346,831,FALSE,FALSE,0,0,1,1,none,17.524649500000002
39,831,TRUE,TRUE,1,0,1,1,anc,0.122852
398,831,FALSE,FALSE,0,0,1,1,none,13.336638600000002
419,831,FALSE,FALSE,0,0,1,1,none,17.262935000000002
423,831,FALSE,FALSE,0,0,1,1,none,11.3489172
428,831,FALSE,FALSE,0,0,1,1,none,13.744912995000002
436,831,FALSE,FALSE,0,0,1,1,none,13.887508
447,831,FALSE,FALSE,0,0,1,1,none,15.195083625
50,831,FALSE,FALSE,0,0,1,1,none,17.219584
513,831,FALSE,FALSE,0,0,1,1,none,16.6621137
581,831,FALSE,FALSE,0,0,1,1,none,17.471404
611,831,FALSE,FALSE,0,0,1,1,none,11.4562346
632,831,FALSE,FALSE,0,0,1,1,none,17.197010500000005
642,831,FALSE,FALSE,0,0,1,1,none,14.131438
66,831,FALSE,FALSE,0,0,1,1,none,17.290664
681,831,FALSE,FALSE,0,0,1,1,none,12.20324899
685,831,FALSE,FALSE,0,0,1,1,none,12.77027846
694,831,FALSE,FALSE,0,0,1,1,none,10.472727
776,831,FALSE,FALSE,0,0,1,1,none,15.702877999999998
79,831,FALSE,FALSE,0,0,1,1,none,15.510978495
799,831,FALSE,FALSE,0,0,1,1,none,18.363138845
809,831,FALSE,FALSE,0,0,1,1,none,19.4954649
811,831,FALSE,FALSE,0,0,1,1,none,1.36342162
110,86,FALSE,FALSE,0,0,1,1,none,12.32677385
118,86,FALSE,FALSE,0,0,1,1,none,1.2216846000000001
130,86,TRUE,TRUE,0,0,1,1,none,1.1581976200000001
14,86,FALSE,FALSE,0,0,1,1,none,16.59507
152,86,FALSE,FALSE,1,0,1,1,anc,10.682495999999999
154,86,FALSE,FALSE,0,0,1,1,none,3.8234440000000003
165,86,TRUE,TRUE,0,0,1,1,none,1.314942
188,86,FALSE,FALSE,0,0,1,1,none,12.000087590000001
191,86,FALSE,FALSE,0,0,1,1,none,1.5564331999999999
267,86,FALSE,FALSE,1,0,1,1,anc,8.239024
275,86,FALSE,FALSE,0,0,1,1,none,22.209763499999998
282,86,FALSE,FALSE,0,0,1,1,none,16.485841999999998
307,86,FALSE,FALSE,0,0,1,1,none,13.5109678
312,86,FALSE,FALSE,0,0,1,1,none,16.495741000000002
315,86,FALSE,FALSE,0,0,1,1,none,10.440541
322,86,FALSE,FALSE,0,0,1,1,none,13.819212
327,86,FALSE,FALSE,1,0,1,1,anc,11.873463699999999
346,86,FALSE,FALSE,0,0,1,1,none,18.5241755
39,86,TRUE,TRUE,1,0,1,1,anc,0.933264
398,86,FALSE,FALSE,0,0,1,1,none,14.336164600000002
419,86,FALSE,FALSE,0,0,1,1,none,18.262461000000005
423,86,FALSE,FALSE,0,0,1,1,none,12.3484432
428,86,FALSE,FALSE,0,0,1,1,none,14.744438995000001
436,86,FALSE,FALSE,0,0,1,1,none,14.887034
447,86,FALSE,FALSE,0,0,1,1,none,16.194609625
50,86,FALSE,FALSE,0,0,1,1,none,18.219109999999997
513,86,FALSE,FALSE,0,0,1,1,none,17.6616397
581,86,FALSE,FALSE,0,0,1,1,none,18.470929999999996
611,86,FALSE,FALSE,0,0,1,1,none,12.4557606
632,86,FALSE,FALSE,0,0,1,1,none,18.196536500000004
642,86,FALSE,FALSE,0,0,1,1,none,15.130963999999999
66,86,FALSE,FALSE,0,0,1,1,none,18.290189999999996
681,86,FALSE,FALSE,0,0,1,1,none,13.20277499
685,86,FALSE,FALSE,0,0,1,1,none,13.76980446
694,86,FALSE,FALSE,0,0,1,1,none,11.472253
776,86,FALSE,FALSE,0,0,1,1,none,16.702403999999998
79,86,FALSE,FALSE,0,0,1,1,none,16.510504495
799,86,FALSE,FALSE,0,0,1,1,none,19.362664844999998
809,86,FALSE,FALSE,0,0,1,1,none,20.494990899999998
811,86,TRUE,TRUE,0,0,1,1,none,1.23838362
831,86,FALSE,FALSE,0,0,1,1,none,1.521442
110,885,FALSE,FALSE,0,0,1,1,none,2.1573106500000003
118,885,FALSE,FALSE,0,0,1,1,none,11.624045400000002
130,885,FALSE,FALSE,0,0,1,1,none,12.030682420000002
14,885,FALSE,FALSE,0,0,1,1,none,8.3791648
152,885,TRUE,TRUE,1,0,1,1,anc,0.702144
154,885,FALSE,FALSE,0,0,1,1,none,10.6329448
165,885,FALSE,FALSE,0,0,1,1,none,12.1874268
188,885,FALSE,FALSE,0,0,1,1,none,1.83062439
191,885,FALSE,FALSE,0,0,1,1,none,11.958794000000003
267,885,FALSE,FALSE,0,0,1,1,none,2.4479308
275,885,FALSE,FALSE,0,0,1,1,none,12.040300299999997
282,885,FALSE,FALSE,0,0,1,1,none,8.2699368
307,885,FALSE,FALSE,0,0,1,1,none,3.3415046
312,885,FALSE,FALSE,0,0,1,1,none,8.2798358
315,885,FALSE,FALSE,0,0,1,1,none,2.2246358
322,885,FALSE,FALSE,0,0,1,1,none,3.6497488
327,885,FALSE,FALSE,1,0,1,1,anc,1.7040005
346,885,FALSE,FALSE,0,0,1,1,none,8.3547123
39,885,FALSE,FALSE,0,0,1,1,none,11.008404800000001
398,885,FALSE,FALSE,0,0,1,1,none,3.4715638
419,885,FALSE,FALSE,0,0,1,1,none,10.0465558
423,885,FALSE,FALSE,0,0,1,1,none,2.17898
428,885,FALSE,FALSE,0,0,1,1,none,3.879838195
436,885,FALSE,FALSE,0,0,1,1,none,10.6778748
447,885,FALSE,FALSE,0,0,1,1,none,5.330008824999999
50,885,FALSE,FALSE,0,0,1,1,none,10.8460828
513,885,FALSE,FALSE,0,0,1,1,none,9.4457345
581,885,FALSE,FALSE,0,0,1,1,none,11.0979028
611,885,FALSE,FALSE,0,0,1,1,none,1.5911598
632,885,FALSE,FALSE,0,0,1,1,none,9.980631299999999
642,885,FALSE,FALSE,0,0,1,1,none,10.9218048
66,885,FALSE,FALSE,0,0,1,1,none,10.9171628
681,885,FALSE,FALSE,0,0,1,1,none,3.03331179
685,885,FALSE,FALSE,0,0,1,1,none,3.60034126
694,885,FALSE,FALSE,0,0,1,1,none,2.3761498
776,885,FALSE,FALSE,0,0,1,1,none,8.4864988
79,885,FALSE,FALSE,0,0,1,1,none,5.6459036949999994
799,885,FALSE,FALSE,0,0,1,1,none,8.498064045000001
809,885,FALSE,FALSE,0,0,1,1,none,10.325527699999997
811,885,FALSE,FALSE,0,0,1,1,none,12.110868420000001
831,885,FALSE,FALSE,0,0,1,1,none,11.269362800000001
86,885,FALSE,FALSE,0,0,1,1,none,12.268888800000001
110,888,FALSE,FALSE,0,0,1,1,none,10.66748835
118,888,FALSE,FALSE,0,0,1,1,none,17.337787099999996
130,888,FALSE,FALSE,0,0,1,1,none,17.744424119999994
14,888,FALSE,FALSE,0,0,1,1,none,14.935784499999997
152,888,FALSE,FALSE,1,0,1,1,anc,9.0232105
154,888,FALSE,FALSE,0,0,1,1,none,16.346686499999997
165,888,FALSE,FALSE,0,0,1,1,none,17.901168499999997
188,888,FALSE,FALSE,0,0,1,1,none,10.34080209
191,888,FALSE,FALSE,0,0,1,1,none,17.672535699999997
267,888,TRUE,TRUE,1,0,1,1,anc,5.19551
275,888,FALSE,FALSE,0,0,1,1,none,20.550478000000002
282,888,FALSE,FALSE,0,0,1,1,none,14.826556499999999
307,888,FALSE,FALSE,0,0,1,1,none,11.851682299999998
312,888,FALSE,FALSE,0,0,1,1,none,14.836455499999998
315,888,FALSE,FALSE,0,0,1,1,none,8.781255499999999
322,888,FALSE,FALSE,0,0,1,1,none,12.1599265
327,888,FALSE,FALSE,1,0,1,1,anc,10.2141782
346,888,FALSE,FALSE,0,0,1,1,none,16.86489
39,888,FALSE,FALSE,0,0,1,1,none,16.722146499999997
398,888,FALSE,FALSE,0,0,1,1,none,12.676879099999999
419,888,FALSE,FALSE,0,0,1,1,none,16.6031755
423,888,FALSE,FALSE,0,0,1,1,none,10.689157699999999
428,888,FALSE,FALSE,0,0,1,1,none,13.085153494999998
436,888,FALSE,FALSE,0,0,1,1,none,16.391616499999998
447,888,FALSE,FALSE,0,0,1,1,none,14.535324124999999
50,888,FALSE,FALSE,0,0,1,1,none,10.729740499999998
513,888,FALSE,FALSE,0,0,1,1,none,16.0023542
581,888,FALSE,FALSE,0,0,1,1,none,10.981560499999999
611,888,FALSE,FALSE,0,0,1,1,none,10.796475099999999
632,888,FALSE,FALSE,0,0,1,1,none,16.537250999999998
642,888,FALSE,FALSE,0,0,1,1,none,16.635546499999997
66,888,FALSE,FALSE,0,0,1,1,none,10.8008205
681,888,FALSE,FALSE,0,0,1,1,none,11.543489489999999
685,888,FALSE,FALSE,0,0,1,1,none,12.110518959999999
694,888,FALSE,FALSE,0,0,1,1,none,9.8129675
776,888,FALSE,FALSE,0,0,1,1,none,15.043118499999997
79,888,FALSE,FALSE,0,0,1,1,none,14.851218994999996
799,888,FALSE,FALSE,0,0,1,1,none,17.703379345
809,888,FALSE,FALSE,0,0,1,1,none,18.835705400000002
811,888,FALSE,FALSE,0,0,1,1,none,17.824610119999996
831,888,FALSE,FALSE,0,0,1,1,none,16.9831045
86,888,FALSE,FALSE,0,0,1,1,none,17.982630499999996
885,888,FALSE,FALSE,0,0,1,1,none,10.6096033
110,893,FALSE,FALSE,0,0,1,1,none,12.196434950000002
118,893,TRUE,TRUE,1,0,1,1,anc,0.40848
130,893,FALSE,FALSE,0,0,1,1,none,1.4979827200000002
14,893,FALSE,FALSE,0,0,1,1,none,16.4647311
152,893,FALSE,FALSE,1,0,1,1,anc,10.552157099999999
154,893,FALSE,FALSE,0,0,1,1,none,3.6931051
165,893,FALSE,FALSE,0,0,1,1,none,1.6547271000000001
188,893,FALSE,FALSE,0,0,1,1,none,11.869748690000003
191,893,FALSE,FALSE,0,0,1,1,none,0.8492531
267,893,FALSE,FALSE,1,0,1,1,anc,8.1086851
275,893,FALSE,FALSE,0,0,1,1,none,22.0794246
282,893,FALSE,FALSE,0,0,1,1,none,16.3555031
307,893,FALSE,FALSE,0,0,1,1,none,13.380628900000001
312,893,FALSE,FALSE,0,0,1,1,none,16.365402100000004
315,893,FALSE,FALSE,0,0,1,1,none,10.310202100000001
322,893,FALSE,FALSE,0,0,1,1,none,13.688873100000002
327,893,FALSE,FALSE,1,0,1,1,anc,11.743124799999999
346,893,FALSE,FALSE,0,0,1,1,none,18.3938366
39,893,FALSE,FALSE,1,0,1,1,anc,0.7898055
398,893,FALSE,FALSE,0,0,1,1,none,14.205825700000004
419,893,FALSE,FALSE,0,0,1,1,none,18.132122100000007
423,893,FALSE,FALSE,0,0,1,1,none,12.218104300000002
428,893,FALSE,FALSE,0,0,1,1,none,14.614100095000003
436,893,FALSE,FALSE,0,0,1,1,none,14.7566951
447,893,FALSE,FALSE,0,0,1,1,none,16.064270725
50,893,FALSE,FALSE,0,0,1,1,none,18.0887711
513,893,FALSE,FALSE,0,0,1,1,none,17.5313008
581,893,FALSE,FALSE,0,0,1,1,none,18.340591099999997
611,893,FALSE,FALSE,0,0,1,1,none,12.325421700000001
632,893,FALSE,FALSE,0,0,1,1,none,18.066197600000006
642,893,FALSE,FALSE,0,0,1,1,none,15.0006251
66,893,FALSE,FALSE,0,0,1,1,none,18.159851099999997
681,893,FALSE,FALSE,0,0,1,1,none,13.072436090000002
685,893,FALSE,FALSE,0,0,1,1,none,13.639465560000001
694,893,FALSE,FALSE,0,0,1,1,none,11.341914100000002
776,893,FALSE,FALSE,0,0,1,1,none,16.5720651
79,893,FALSE,FALSE,0,0,1,1,none,16.380165595
799,893,FALSE,FALSE,0,0,1,1,none,19.232325945
809,893,FALSE,FALSE,0,0,1,1,none,20.364652
811,893,FALSE,FALSE,0,0,1,1,none,1.57816872
831,893,FALSE,FALSE,0,0,1,1,none,1.3911031
86,893,FALSE,FALSE,0,0,1,1,none,1.7361891
885,893,FALSE,FALSE,0,0,1,1,none,12.138549900000003
888,893,FALSE,FALSE,0,0,1,1,none,17.852291599999997
110,925,FALSE,FALSE,0,0,1,1,none,7.884663695000001
118,925,FALSE,FALSE,0,0,1,1,none,17.351398444999997
130,925,FALSE,FALSE,0,0,1,1,none,17.758035464999995
14,925,FALSE,FALSE,0,0,1,1,none,14.106517844999999
152,925,FALSE,FALSE,1,0,1,1,anc,5.7956592449999995
154,925,FALSE,FALSE,0,0,1,1,none,16.360297844999998
165,925,FALSE,FALSE,0,0,1,1,none,17.914779844999998
188,925,FALSE,FALSE,0,0,1,1,none,7.5579774350000015
191,925,FALSE,FALSE,0,0,1,1,none,17.686147045
267,925,FALSE,FALSE,0,0,1,1,none,8.175283845
275,925,FALSE,FALSE,0,0,1,1,none,17.767653344999996
282,925,FALSE,FALSE,0,0,1,1,none,13.997289845000001
307,925,FALSE,FALSE,0,0,1,1,none,9.068857645000001
312,925,FALSE,FALSE,0,0,1,1,none,14.007188845
315,925,FALSE,FALSE,0,0,1,1,none,7.951988845
322,925,FALSE,FALSE,0,0,1,1,none,9.377101845000002
327,925,FALSE,FALSE,1,0,1,1,anc,7.4313535449999994
346,925,FALSE,FALSE,0,0,1,1,none,14.082065345
39,925,FALSE,FALSE,0,0,1,1,none,Inf
398,925,FALSE,FALSE,1,0,1,1,anc,3.5199298500000005
419,925,FALSE,FALSE,0,0,1,1,none,15.773908845
423,925,FALSE,FALSE,0,0,1,1,none,7.906333045000001
428,925,FALSE,FALSE,1,0,1,1,anc,2.27447435
436,925,FALSE,FALSE,0,0,1,1,none,16.405227845
447,925,FALSE,FALSE,0,0,1,1,none,2.7473164799999994
50,925,FALSE,FALSE,0,0,1,1,none,16.573435845
513,925,FALSE,FALSE,0,0,1,1,none,15.173087545000001
581,925,FALSE,FALSE,0,0,1,1,none,16.825255845
611,925,FALSE,FALSE,1,0,1,1,anc,4.510587245
632,925,FALSE,FALSE,0,0,1,1,none,15.707984345
642,925,FALSE,FALSE,0,0,1,1,none,16.649157844999998
66,925,FALSE,FALSE,0,0,1,1,none,16.644515845
681,925,FALSE,FALSE,0,0,1,1,none,8.760664835
685,925,FALSE,FALSE,0,0,1,1,none,9.327694305000001
694,925,FALSE,FALSE,0,0,1,1,none,8.103502845
776,925,FALSE,FALSE,0,0,1,1,none,14.213851844999999
79,925,TRUE,TRUE,1,0,1,1,anc,0.699085
799,925,TRUE,TRUE,0,1,1,1,desc,0.808807
809,925,FALSE,FALSE,0,0,1,1,none,16.052880744999996
811,925,FALSE,FALSE,0,0,1,1,none,17.838221464999997
831,925,FALSE,FALSE,0,0,1,1,none,16.996715845
86,925,FALSE,FALSE,0,0,1,1,none,17.996241844999997
885,925,FALSE,FALSE,0,0,1,1,none,7.131641045
888,925,FALSE,FALSE,0,0,1,1,none,16.336956344999997
893,925,FALSE,FALSE,0,0,1,1,none,17.865902945
110,952,FALSE,FALSE,0,0,1,1,none,7.694864695000001
118,952,FALSE,FALSE,0,0,1,1,none,17.161599444999997
130,952,FALSE,FALSE,0,0,1,1,none,17.568236464999995
14,952,FALSE,FALSE,0,0,1,1,none,13.916718844999998
152,952,FALSE,FALSE,1,0,1,1,anc,5.605860244999999
154,952,FALSE,FALSE,0,0,1,1,none,16.170498844999997
165,952,FALSE,FALSE,0,0,1,1,none,17.724980844999997
188,952,FALSE,FALSE,0,0,1,1,none,7.368178435000001
191,952,FALSE,FALSE,0,0,1,1,none,17.496348044999998
267,952,FALSE,FALSE,0,0,1,1,none,7.985484844999999
275,952,FALSE,FALSE,0,0,1,1,none,17.577854344999995
282,952,FALSE,FALSE,0,0,1,1,none,13.807490845
307,952,FALSE,FALSE,0,0,1,1,none,8.879058645
312,952,FALSE,FALSE,0,0,1,1,none,13.817389845
315,952,FALSE,FALSE,0,0,1,1,none,7.762189844999999
322,952,FALSE,FALSE,0,0,1,1,none,9.187302845000001
327,952,FALSE,FALSE,1,0,1,1,anc,7.241554544999999
346,952,FALSE,FALSE,0,0,1,1,none,13.892266345
39,952,FALSE,FALSE,0,0,1,1,none,Inf
398,952,FALSE,FALSE,1,0,1,1,anc,3.3301308499999998
419,952,FALSE,FALSE,0,0,1,1,none,15.584109844999999
423,952,FALSE,FALSE,0,0,1,1,none,7.716534045
428,952,FALSE,FALSE,1,0,1,1,anc,2.08467535
436,952,FALSE,FALSE,0,0,1,1,none,16.215428844999998
447,952,FALSE,FALSE,0,0,1,1,none,2.5575174799999996
50,952,FALSE,FALSE,0,0,1,1,none,16.383636845
513,952,FALSE,FALSE,0,0,1,1,none,14.983288545
581,952,FALSE,FALSE,0,0,1,1,none,16.635456845
611,952,FALSE,FALSE,1,0,1,1,anc,4.320788244999999
632,952,FALSE,FALSE,0,0,1,1,none,15.518185345
642,952,FALSE,FALSE,0,0,1,1,none,16.459358844999997
66,952,FALSE,FALSE,0,0,1,1,none,16.454716845
681,952,FALSE,FALSE,0,0,1,1,none,8.570865835000001
685,952,FALSE,FALSE,0,0,1,1,none,9.137895305
694,952,FALSE,FALSE,0,0,1,1,none,7.913703845
776,952,FALSE,FALSE,0,0,1,1,none,14.024052844999998
79,952,TRUE,TRUE,1,0,1,1,anc,0.742945
799,952,FALSE,FALSE,0,0,1,1,none,3.0421119999999995
809,952,FALSE,FALSE,0,0,1,1,none,15.863081744999997
811,952,FALSE,FALSE,0,0,1,1,none,17.648422464999996
831,952,FALSE,FALSE,0,0,1,1,none,16.806916845
86,952,FALSE,FALSE,0,0,1,1,none,17.806442844999996
885,952,FALSE,FALSE,0,0,1,1,none,6.941842045
888,952,FALSE,FALSE,0,0,1,1,none,16.147157345
893,952,FALSE,FALSE,0,0,1,1,none,17.676103944999998
925,952,FALSE,FALSE,0,0,1,1,none,1.675689
